0003-066     15.4     3.2	 327.8
0003+380    114.8     4.8	 115.2
0006+061     65.3     5.7	  59.6
0007+106    290.2    12.6	 291.8
0010+405    327.7     0.9	 328.5
0011+189    218.5     0.9	 213.1
0012+610      0.0     0.0	  34.1
0014+813    179.6     4.4	 176.8
0015-054    241.7     6.2	 242.7
0016+731    128.2     6.7	 128.5
0019+058    284.8     4.6	 332.6
0027+056    185.7     0.5	 185.3
0041+341      0.0     0.0	   6.9
0044+566     17.9     3.1	  57.1
0048-071    330.2     1.0	 312.8
0048-097    353.8    30.1	 352.3
0055+300    310.7     2.1	 309.6
0059+581    176.9    34.8	 232.6
0106+013    219.0    15.2	 220.2
0106+612     66.4     2.1	  64.5
0106+678    306.2     0.7	 305.9
0109+224     88.9     5.5	  85.9
0109+351    206.4     1.6	 206.1
0110+318    299.5     4.5	 292.8
0111+021    123.4     5.5	 126.3
0113-118    323.9     4.3	 325.1
0116-219    308.9     6.6	 258.6
0118-272    319.6     3.4	 314.9
0119+115     17.0     5.4	   9.0
0122-003    262.4     1.8	 264.3
0128+554    244.2     0.4	 252.7
0130-171    244.3     2.4	 250.7
0133+476    313.0    28.2	 318.6
0134+579    150.4     2.2	 158.9
0136+176    288.4     2.6	 287.3
0138-097    256.2     5.1	 253.0
0141+268    268.8     4.6	 282.8
0142-278     54.0     8.9	  51.5
0149+218      3.2     5.5	 355.8
0149+710      0.0     0.0	 286.6
0151+081    121.3     3.7	  93.6
0159+723     51.3     4.1	  81.8
0200+304    359.3     5.2	   0.4
0202+149    329.5    15.8	 323.9
0202-172      2.9     1.9	   5.1
0202+319    334.3    45.6	 354.3
0203-120     16.3    12.7	   2.3
0208+106    112.7     7.6	  82.7
0210+515     76.5     0.9	  70.5
0212+735    122.1    10.2	 107.6
0214+083    267.5     6.8	 276.1
0215+015    103.9    16.3	 108.6
0219+428    193.7     4.6	 185.0
0224+671     10.0     4.4	   5.2
0229+131     66.7    11.4	  55.4
0234+285    326.2    21.4	 342.3
0235+164    321.2    24.8	 325.3
0238-084      0.0     0.0	  66.9
0238+711     41.6     2.7	  31.4
0239+843    123.8     1.2	 141.9
0241+622    115.2    12.9	 112.8
0250-225    259.7    21.8	 217.9
0250+320     21.1     6.9	  16.0
0256+075    209.9    14.1	 210.3
0300+470    121.7    18.7	 138.5
0301-243    230.7    12.2	 237.1
0303+490     51.9     1.0	  53.4
0305+039     54.2     2.4	  55.7
0306+102     58.3     7.4	  54.6
0309+411    304.7     3.6	 304.3
0313+411    228.0     6.8	 221.8
0316+413    171.2    13.5	 188.2
0321+340    125.4     3.8	 125.0
0329+654     60.7     4.0	  67.5
0333+321    119.5     6.9	 123.2
0336-019     68.6    22.4	  64.8
0346+800    139.1     2.3	 138.0
0347-211    251.1    28.8	 152.2
0355+508    113.1    47.5	  68.9
0400+258     79.0    18.8	  91.0
0403-132    183.0     6.1	 182.7
0414-189    251.0    33.9	 221.3
0415+379     64.0     5.0	  65.0
0420-014    214.2    33.7	 217.5
0420+417    302.5    18.5	 268.1
0422+004     10.1     8.4	  18.8
0429+415    217.0     1.4	 196.9
0430+052    239.7     5.9	 244.7
0430+289     49.3    19.1	  61.0
0440-003    221.0     5.2	 226.1
0446+112    128.3     8.9	 118.6
0451-282      4.9     1.1	   4.0
0454-234    105.7    27.9	 132.1
0454+844    170.4    15.8	 167.8
0458-020    320.3    19.5	 323.9
0502+049    225.9     1.5	 229.9
0506+056    189.0     6.5	 187.1
0507+179    287.8    10.2	 277.1
0509+406     58.5     2.8	  46.1
0518+211    240.2     4.6	 262.2
0519+011    220.3     2.2	 219.3
0528+134     61.0    17.9	  57.6
0529+075    343.6     7.6	 338.6
0529+483     19.7    19.4	  21.1
0536+145    210.9    10.6	 194.8
0539-057    160.6    12.6	 162.2
0552+398     50.7    21.7	 319.7
0603+476    331.1     5.8	 336.0
0605-085    121.6    10.6	 123.7
0605-153     91.9     5.6	  96.1
0607-157     72.7    22.0	  82.9
0609+413    104.0     6.8	 124.2
0613+570    300.1     4.1	 262.3
0615-172     45.2     3.2	  57.5
0619+334    345.0     3.0	 338.9
0621+446     92.1    11.8	  99.8
0627-199     30.6     4.2	  10.4
0636+680    123.7     2.6	 123.1
0640+090    276.3     7.4	 270.8
0642+449     80.1     6.2	  80.8
0646+600    243.3    18.7	 221.2
0648-165    295.0    20.8	 273.8
0650+453    111.3     4.3	  89.2
0650+507     71.7    14.8	  87.1
0700-197    129.4     6.4	 136.3
0708+506     90.4     4.8	 123.6
0710+196     86.0    17.6	  80.8
0716+332     80.3    10.6	  80.0
0716+714     24.0    11.6	  18.0
0722+145    303.8     7.7	 304.4
0723-008    316.3     6.2	 311.8
0727-115    271.5    20.4	 290.8
0730+504    213.1     8.4	 211.6
0735+178     70.1    12.3	  61.5
0736+017    293.2     9.2	 288.4
0738+313    181.1     2.9	 181.3
0738+548    223.5     6.1	 227.2
0742+103    327.9     5.2	 344.0
0743-006     39.8     1.7	 237.6
0745+241    290.6     7.9	 295.0
0748+126     64.1    18.8	  94.7
0749+540     10.3    10.7	  22.1
0752-116    164.9     2.4	 195.9
0754+100     20.7     7.5	  22.7
0804-055      0.0     0.0	  24.6
0804+499     71.5    21.7	 126.3
0805-077    336.2     5.7	 332.2
0806+524     82.6    17.4	  63.8
0808+019    175.1    12.5	 186.8
0810+646      0.0     0.0	 201.4
0814+425     94.7    19.4	 100.9
0815-094    341.0     2.6	 359.6
0820+560      0.0     0.0	  99.2
0821+394    308.3     5.0	 309.7
0821+621    256.4     4.6	 258.5
0823+033     31.9     6.9	  33.1
0823-223    142.0    15.5	 157.5
0827+243    116.2     9.2	 119.0
0829+046     62.7     4.1	  72.2
0834-201    266.8    10.6	 260.8
0836+182    305.7     2.8	 316.8
0836+710    221.1     8.2	 221.0
0837+012    218.7    23.2	 247.5
0838+133     89.2     7.1	  86.9
0845-068     61.9     6.1	  44.2
0846+513     93.1    16.6	 101.5
0847-120     70.6    15.2	  36.5
0850+581    146.6     5.4	 152.1
0851+202    252.3    32.5	 249.8
0854-108    249.2     6.8	 245.5
0858+050      0.0     0.0	 120.7
0859-140    146.5     2.8	 152.6
0859+210    145.1     2.6	 146.0
0903-088    110.5     4.3	 117.8
0906+015     44.1     6.1	  43.9
0910-208     94.5     2.1	  79.5
0912+297    198.4     2.0	 209.3
0916+864    298.8     3.3	 332.8
0917+449    194.1    27.6	 176.9
0917+624    307.6     8.4	 322.0
0922+316     18.5     0.1	  14.9
0923+392     95.6     4.0	  96.8
0925+504    107.8    10.0	 110.1
0938-076    168.3     0.6	 168.7
0938-133    141.8     8.6	 126.0
0939-077    147.5     7.9	   0.0
0945+408    114.1    11.1	 115.9
0946+006     17.9     8.6	  21.8
0951+268      0.0     0.0	 133.0
0953+254    229.2     8.3	 242.4
0954+658    334.5     9.0	 318.9
0955+476     99.1    29.8	 110.1
1011+496    281.1     2.6	 262.0
1013+054    127.8    14.2	 137.2
1015+359    185.2     5.7	 182.7
1027+749     50.8     3.7	  48.2
1030+415    324.6    10.4	  37.1
1030+611    182.8     6.4	 169.8
1034-293    134.1     5.4	 135.5
1036+054    353.4     9.0	 351.6
1038+064    158.8     6.1	 155.8
1040+244     89.3     6.0	  85.4
1044+719    132.3    23.8	 160.9
1045-188    144.0     7.7	 149.0
1055+018    297.2    15.8	 296.1
1055+567    241.7     3.9	 263.9
1101+384    336.5    14.5	 330.0
1118-056     26.7     2.4	  29.7
1118+073    219.9     0.3	 221.8
1124-186    152.8    28.6	 173.1
1127-145     85.4     8.4	  86.9
1128-047    249.6    14.4	 204.7
1128+385    184.5     7.3	 195.5
1133+704    116.0    15.8	  92.9
1139+160    155.7     2.2	 158.1
1142+198     26.9     4.5	  24.6
1144+402    323.8    53.7	 337.5
1145-071    289.9     3.7	 280.7
1147+245    283.3    10.8	 258.9
1148-001    236.9     2.8	 238.1
1150+497    210.2     6.2	 210.3
1150+812    225.7     8.2	 197.0
1151+408    261.6     0.7	 263.1
1156+295      6.0    11.9	   0.6
1157-215    347.6     0.6	 341.6
1200+608    215.1     4.5	 196.3
1202-262    344.7     2.3	 340.4
1206+416     62.3     2.5	 125.0
1213-172    105.7     9.0	 116.5
1215+303    152.3     1.5	 148.2
1219+044    186.2     6.5	 173.3
1219+285    102.0     6.5	 105.5
1222+216      3.7    11.1	   4.0
1224-132    246.0    15.5	 254.7
1226+023    222.6    10.3	 222.2
1227+255    268.4     1.3	 260.6
1228+126    282.8    11.3	 289.9
1236+049    280.2     3.9	 302.6
1236+077    297.1     0.6	 306.3
1243-072    267.0    10.7	 254.4
1244-255    132.9     6.8	 138.9
1246+586    353.8     3.7	 357.7
1247+025      0.0     0.0	 283.7
1250+532    245.8     2.2	 247.1
1253-055    224.8     9.3	 230.7
1300+248    320.1     5.8	 314.5
1302-102     32.6     4.2	  31.4
1307+121     37.6     2.2	  39.0
1308+326    308.0    19.3	 305.8
1310+487     49.3     6.1	  49.9
1318+225     70.8     6.1	  64.5
1324+224    359.4    43.4	 261.5
1329-049      5.2     3.4	  12.6
1329-126    107.5    14.1	  99.8
1331+170     21.3     1.9	  22.5
1334-127    147.5    14.3	 148.6
1341-171    304.3    31.4	 309.2
1343+451    223.5    35.1	 161.3
1345+125    165.9     3.6	 168.3
1348+308    293.1     4.7	 294.2
1402+044    335.4     2.9	 335.0
1404+286      0.0     0.0	  40.0
1406-076    271.7     7.0	 259.8
1413+135    247.0     4.3	 243.7
1417+385    196.5    37.0	 158.9
1418-110    131.5     7.2	 143.1
1418+546    129.7     7.8	 130.1
1420+326      0.0     0.0	 133.8
1424+240    143.8     5.4	 146.4
1435+638    232.1     1.9	 236.0
1441+252    279.7     6.7	 292.7
1458+718    167.2    10.1	 163.6
1459+480      0.0     0.0	  87.7
1502+036    290.6    20.3	 291.8
1502+106    102.4     7.2	 116.4
1504-166    201.0     6.2	 190.7
1509+054    273.6     0.7	 246.4
1510-089    323.8     8.7	 325.9
1514+004    332.5     2.0	 332.9
1514+197    332.9    10.0	 335.4
1514-241    167.9     3.0	 167.5
1515-273      0.0     0.0	  99.6
1519-273    279.5     9.3	 249.2
1520+319     12.7    52.7	  11.0
1529-131    232.9     4.9	 227.0
1532+016    122.1     8.4	 136.9
1537+279    142.4     5.6	 161.3
1538+149    324.4     3.0	 325.7
1541+050      0.0     0.0	 189.0
1542+328      0.0     0.0	 201.8
1542+616    133.3     4.9	 116.1
1546+027    189.7    12.0	 173.3
1548+056    350.9     9.1	 356.8
1549+089    220.2     5.6	 226.1
1550+582    171.1     6.8	 173.8
1551+130      4.1    10.0	   5.4
1553+113     80.7    15.4	  39.1
1557+565    129.0     1.4	 108.0
1602+576    160.9     1.7	 146.9
1603+573    262.9     2.2	 279.2
1604+159     60.0     2.4	  62.7
1606+106    304.9    12.9	 311.5
1611+343    163.5    21.2	 156.5
1617+229    152.1     1.2	 137.4
1622-253    351.4    59.0	  10.0
1622-297    291.7    14.2	 292.4
1623+569      0.0     0.0	  14.0
1633+382    297.7    21.4	 286.9
1636+473    349.6     1.5	 343.7
1637+574    197.7    11.3	 204.4
1637+826    301.0     7.0	 299.5
1638+118    270.1     2.3	 265.5
1638+398    284.4    29.5	 288.0
1641+399    262.7    12.8	 266.2
1642+690    192.6    23.3	 194.3
1652+398    164.0     6.1	 152.8
1655+077    320.2     9.2	 321.2
1656+482    274.3     7.5	 250.5
1700+685    141.8     3.8	 140.4
1708+433     99.0     5.8	 107.7
1716+686    345.8     4.5	 329.0
1717+178    216.0     4.5	 200.0
1722+401    289.6     7.7	 303.9
1725+044    115.4     7.4	 114.4
1725+123    325.6     1.3	 326.9
1726+455    230.6    14.1	 244.4
1726+552      0.0     0.0	 347.1
1727+502    272.5     9.4	 281.7
1730-130      7.8    15.7	   5.7
1732+389    120.7    11.6	 117.9
1738+476    223.2     7.9	 230.4
1738+499     28.4     5.0	  39.0
1739+522     57.3    73.5	  40.2
1741-038    195.8    12.7	 261.2
1741+196     62.7     1.7	  68.9
1742-078    198.2     0.8	 187.2
1749+096     12.7    18.8	  15.3
1749+701    296.8     8.4	 295.1
1751+288      5.9    11.5	  10.9
1754+155    244.7     2.0	 236.3
1758+388    337.1    26.0	 283.3
1800+440    207.3    10.1	 210.9
1803+784    275.5     5.6	 271.9
1807+698    252.5     3.9	 258.2
1811+062    286.8    17.9	 299.7
1823+568    198.9     3.1	 200.1
1827+062    314.9     6.4	 320.5
1827+133    126.5     9.4	 126.9
1828+487    314.6     7.2	 314.8
1833+326     53.4     2.0	  58.2
1842+681    132.7     2.6	 135.2
1845+797    321.8     3.0	 321.4
1846+322    313.5     6.2	 325.3
1846+326    112.0     0.8	 120.4
1849+670    321.3    12.3	 319.7
1851+488     46.6     5.0	  37.5
1856+737      0.0     0.0	  18.9
1901+319    109.3     4.8	 118.2
1902+556     29.1     6.7	  35.8
1908-201      4.4    11.7	  12.7
1914-194    340.5     3.5	 337.0
1920-211    350.7    10.9	 348.8
1921-293    325.2    12.9	   1.1
1923+123    359.8     4.3	  10.2
1923+210    244.8     6.7	 245.6
1926+611    120.2    10.3	 128.8
1928+738    158.7     5.1	 157.9
1936-155    121.8     9.5	 130.7
1944+838    259.5     2.5	 266.4
1951-115    354.7    12.4	   6.8
1954+513    300.2     5.1	 298.3
1957+405    281.3     8.3	 276.9
1958-179     90.0    26.3	 118.1
1959+650    140.9    20.1	  71.4
2005+403    108.9    14.4	 103.2
2007+777    268.3     4.7	 265.8
2008-159     12.7    10.5	  10.0
2010+463    340.3    22.3	 319.8
2012-017      0.0     0.0	  46.1
2013-092      0.0     0.0	  82.7
2013+163    258.8     7.2	 293.2
2013+370    219.2    11.9	 210.3
2021+317    134.6     8.3	 165.8
2021+614     23.8     9.6	  24.7
2022-077    352.4     4.1	 351.6
2022+171      0.0     0.0	 106.3
2023+335      0.0     0.0	 338.2
2023+760      0.0     0.0	 221.1
2027-065      0.0     0.0	 247.8
2028+492    358.1    42.9	  12.2
2029+121    214.1     8.8	 201.9
2031+216      0.0     0.0	  86.4
2032+107    222.3     4.0	 217.0
2037+511    208.1    14.8	 217.6
2043+749    158.2     1.2	 158.2
2047+039    330.9     2.0	 312.2
2047+098    327.2     6.5	 309.9
2100+468    235.4    11.6	 235.3
2113+293    187.8    12.6	 193.1
2115+000      0.0     0.0	 319.2
2121+053    238.0    14.5	 253.0
2128-123    210.3     4.2	 208.7
2131-021     94.8     7.0	 101.5
2134+004    324.2     6.0	 290.9
2136+141    308.1     6.8	 279.8
2141+175    277.1    12.5	 307.6
2144+092     79.6     7.5	  79.0
2145+067    103.1    19.5	 124.7
2150+173    273.6    14.9	 277.1
2155-152    212.8     7.4	 214.7
2155+312     70.5    16.9	  21.7
2157+102     47.2     4.2	  42.8
2157+213      0.0     0.0	  45.8
2159+505      0.0     0.0	 288.4
2200+420    192.4     6.8	 190.4
2201+171     42.1    12.9	  50.1
2201+315    205.3    10.7	 201.1
2209+236     39.1     6.7	  36.4
2210+277      0.0     0.0	 187.7
2216-038    192.8     5.3	 192.7
2216+178     57.5     3.0	  56.9
2223-052    104.6    26.0	 102.0
2223+210    256.9     6.5	 241.0
2227-088    345.2    18.9	 342.3
2230+114    123.8    13.5	 137.0
2233-148    105.8    10.4	 107.7
2234+282     33.6    15.1	  41.0
2241+406    127.2     9.0	 137.2
2243-123      3.7    26.8	 359.6
2247-283    161.6     4.2	 161.7
2251+158    270.8    14.0	 273.3
2254+074    224.7     3.2	 232.7
2255-282    208.1    37.6	 211.8
2258-022    264.3     0.9	 273.2
2308+341      5.3     7.9	   8.0
2319+317    152.4     2.6	 214.2
2320-035    326.2     9.2	 335.2
2325+093    278.9     3.0	 258.4
2331+073    249.3     9.4	 242.4
2342-161    333.1     6.1	 315.7
2344+514    136.0     6.3	 141.0
2345-167    124.9     9.2	 122.6
2351+456    262.7    18.1	 279.0
2353+816    321.4    14.2	 324.2
2356+196    243.8     4.9	 222.5
